244.0 15.0 246.0 4.0 292.0 7.0 290.0 17.0 small-vehicle 1
268.0 319.0 267.0 338.0 231.0 338.0 230.0 320.0 small-vehicle 1
935.0 483.0 912.0 482.0 921.0 307.0 946.0 309.0 large-vehicle 0
950.0 306.0 968.0 305.0 966.0 483.0 942.0 483.0 large-vehicle 0
975.0 310.0 998.0 310.0 1000.0 485.0 974.0 485.0 large-vehicle 0
937.0 519.0 961.0 517.0 959.0 688.0 931.0 687.0 large-vehicle 0
903.0 789.0 905.0 811.0 745.0 803.0 748.0 778.0 large-vehicle 0
909.0 835.0 908.0 857.0 737.0 843.0 737.0 823.0 large-vehicle 0
900.0 873.0 900.0 897.0 749.0 891.0 751.0 865.0 large-vehicle 0
216.0 488.0 217.0 470.0 258.0 469.0 256.0 488.0 small-vehicle 0
868.0 338.0 890.0 337.0 888.0 478.0 865.0 478.0 large-vehicle 0
610.0 716.0 609.0 736.0 569.0 734.0 570.0 715.0 small-vehicle 1
79.0 118.0 98.0 121.0 92.0 165.0 73.0 164.0 small-vehicle 0
451.0 467.0 459.0 484.0 417.0 504.0 410.0 486.0 small-vehicle 0
414.0 430.0 408.0 415.0 449.0 396.0 455.0 411.0 small-vehicle 1
371.0 499.0 364.0 485.0 405.0 465.0 412.0 481.0 small-vehicle 1
370.0 451.0 363.0 435.0 402.0 419.0 408.0 434.0 small-vehicle 1
364.0 412.0 404.0 395.0 411.0 411.0 371.0 429.0 small-vehicle 1
368.0 406.0 362.0 391.0 402.0 373.0 408.0 387.0 small-vehicle 1
131.0 566.0 130.0 545.0 181.0 542.0 181.0 561.0 small-vehicle 1
947.0 165.0 942.0 148.0 986.0 138.0 990.0 154.0 small-vehicle 1
72.0 224.0 93.0 225.0 90.0 264.0 71.0 263.0 small-vehicle 1
414.0 411.0 407.0 394.0 448.0 374.0 454.0 391.0 small-vehicle 0
414.0 479.0 408.0 463.0 442.0 447.0 449.0 464.0 small-vehicle 0
412.0 458.0 406.0 441.0 446.0 422.0 454.0 439.0 small-vehicle 0
416.0 359.0 408.0 343.0 447.0 327.0 454.0 343.0 small-vehicle 0
412.0 388.0 406.0 370.0 444.0 355.0 450.0 372.0 small-vehicle 0
452.0 278.0 460.0 299.0 416.0 315.0 408.0 295.0 small-vehicle 0
