317.0 647.0 304.0 648.0 302.0 610.0 319.0 609.0 small-vehicle 0
577.0 339.0 606.0 339.0 606.0 452.0 577.0 452.0 large-vehicle 0
547.0 145.0 501.0 144.0 507.0 58.0 552.0 62.0 large-vehicle 0
763.0 121.0 721.0 116.0 725.0 34.0 773.0 34.0 large-vehicle 0
243.0 326.0 265.0 326.0 265.0 426.0 243.0 426.0 large-vehicle 0
269.0 331.0 306.0 331.0 306.0 441.0 269.0 441.0 large-vehicle 0
324.0 328.0 361.0 328.0 361.0 443.0 324.0 443.0 large-vehicle 0
373.0 334.0 398.0 334.0 398.0 449.0 373.0 449.0 large-vehicle 0
398.0 328.0 422.0 328.0 422.0 438.0 398.0 438.0 large-vehicle 0
426.0 332.0 449.0 332.0 449.0 435.0 426.0 435.0 large-vehicle 0
450.0 328.0 491.0 328.0 491.0 441.0 450.0 441.0 large-vehicle 0
503.0 340.0 540.0 340.0 540.0 448.0 503.0 448.0 large-vehicle 0
550.0 339.0 578.0 339.0 578.0 450.0 550.0 450.0 large-vehicle 0
605.0 340.0 634.0 340.0 634.0 453.0 605.0 453.0 large-vehicle 0
292.0 643.0 278.0 644.0 277.0 608.0 296.0 608.0 small-vehicle 0
763.0 436.0 731.0 435.0 730.0 344.0 761.0 345.0 large-vehicle 0
796.0 433.0 763.0 433.0 760.0 343.0 793.0 344.0 large-vehicle 0
791.0 508.0 758.0 506.0 759.0 440.0 797.0 442.0 large-vehicle 0
792.0 580.0 761.0 581.0 763.0 523.0 792.0 524.0 large-vehicle 0
204.0 108.0 219.0 100.0 239.0 130.0 225.0 139.0 small-vehicle 0
222.0 93.0 239.0 89.0 257.0 122.0 244.0 127.0 small-vehicle 0
285.0 204.0 286.0 188.0 330.0 189.0 330.0 206.0 small-vehicle 0
206.0 529.0 207.0 541.0 163.0 541.0 166.0 527.0 small-vehicle 0
206.0 551.0 209.0 566.0 165.0 569.0 165.0 553.0 small-vehicle 0
214.0 647.0 194.0 646.0 191.0 603.0 215.0 602.0 small-vehicle 0
241.0 624.0 226.0 624.0 223.0 585.0 240.0 586.0 small-vehicle 0
462.0 142.0 415.0 139.0 423.0 50.0 469.0 57.0 large-vehicle 0
